
Model: Ricci 
average modularity 0.16628094586092476
standard deviation 0.009734502443073119
[0.17180393756569906, 0.18047996900198257, 0.16789046654830336, 0.17658411171757027, 0.15318515808699776, 0.16133275546417328, 0.17073853990912352, 0.17361929444678795, 0.1563076080848131, 0.15086761778379665]
Times:
[305.1199493408203, 286.57689356803894, 275.94325065612793, 275.37192034721375, 276.10775113105774, 284.56186032295227, 283.6709580421448, 280.2581350803375, 280.9226076602936, 313.77461647987366]
Model: GEMSECRicci 
average modularity 0.34047260224822273
standard deviation 0.012980954067131213
[0.33639958611606574, 0.3324752657994601, 0.3526608982586633, 0.33236047342592445, 0.3357736027398031, 0.33407783641652605, 0.34831108242567144, 0.3602723561691687, 0.3157384244870703, 0.35665649664387356]
Times:
[360.70539140701294, 344.7977159023285, 342.0874481201172, 343.3024673461914, 342.80890583992004, 346.04533314704895, 344.758460521698, 388.8902688026428, 363.52885699272156, 346.29919695854187]