
Model: Ricci 
average modularity -0.018403579190761597
standard deviation 0.0022578348368236475
[-0.018184992351543947, -0.014439576813884343, -0.019797743287018103, -0.017949927780851565, -0.01594563478882049, -0.019801906887266494, -0.01649393547019193, -0.018459209795762634, -0.022593769557067874, -0.02036909517520861]
Times:
[261.79113268852234, 267.3405165672302, 263.68468713760376, 263.4696931838989, 259.58337807655334, 262.09984135627747, 261.38378500938416, 263.22919511795044, 259.8364713191986, 259.06751251220703]
Model: GEMSECRicci 
average modularity -0.002993009317370023
standard deviation 0.003397745545955464
[-0.007990766645058458, -0.0013754757590118205, -0.002379788986684882, -0.006401966136882667, 0.00028519472063563375, -0.0011527877970771618, 0.001998740796007181, -0.00016615113117686865, -0.004647577173080507, -0.008099515061370677]
Times:
[310.6284554004669, 311.17325162887573, 312.5182342529297, 307.6210844516754, 310.78238892555237, 314.3773958683014, 317.55275297164917, 310.14135789871216, 315.88910722732544, 314.89621925354004]