
Model: Ricci 
average modularity -0.0333556881170433
standard deviation 0.0017815441174008095
[-0.030669685515415008, -0.03394670931328657, -0.035871025365487516, -0.033294245855651744, -0.03372641547285794, -0.03426129279663249, -0.030649274045601377, -0.033483824105982475, -0.03169400580227634, -0.035960402897241506]
Times:
[270.68903064727783, 264.0441372394562, 266.36521434783936, 265.29451417922974, 268.6675777435303, 267.4734857082367, 268.21560621261597, 266.29171419143677, 265.24327087402344, 265.5770425796509]
Model: GEMSECRicci 
average modularity -0.03095967857938705
standard deviation 0.001125759563705056
[-0.030886612912429324, -0.031066614676735955, -0.030759207394324358, -0.02896122313742584, -0.030736086002180432, -0.030138544052430327, -0.031168783566787733, -0.03019454206667157, -0.033141303417041384, -0.03254386856784364]
Times:
[310.91707277297974, 317.57175874710083, 313.7138328552246, 315.33087730407715, 313.9414312839508, 305.9476456642151, 312.11472392082214, 309.3276319503784, 311.43032932281494, 307.65064668655396]