
Model: Ricci 
average modularity -0.03089792680667767
standard deviation 0.0016002316528998352
[-0.03024795667773749, -0.030558652861703086, -0.03189426912213332, -0.0320812876294974, -0.030316921347900896, -0.030941274423119173, -0.03445088721808622, -0.030566450988122183, -0.027936355020635115, -0.029985212777841788]
Times:
[290.74260568618774, 309.3775990009308, 295.5109815597534, 264.48480916023254, 285.9120168685913, 262.6093475818634, 275.76944303512573, 272.3124825954437, 277.40452098846436, 268.94597697257996]
Model: GEMSECRicci 
average modularity -0.025745983699727516
standard deviation 0.001783065778850225
[-0.025670547664257543, -0.023406693169808236, -0.024665096824591046, -0.02761814204802568, -0.026764862337422233, -0.02332474772712759, -0.026641025136668772, -0.025211642806566136, -0.0248309359988991, -0.029326143283908795]
Times:
[320.8435101509094, 322.14050126075745, 323.7019941806793, 327.5567214488983, 328.60705375671387, 335.13126015663147, 346.24961137771606, 352.31427240371704, 342.27852845191956, 331.2987217903137]