
Model: Ricci 
average modularity 0.034306219324410234
standard deviation 0.004763881750665697
[0.03668149341970945, 0.03935743949155071, 0.028528272799608935, 0.04216886994921541, 0.03811338055072558, 0.03653054818106543, 0.029138216343827305, 0.02880002308716769, 0.029395753871141118, 0.0343481955500907]
Times:
[262.13987255096436, 260.83961629867554, 261.4842085838318, 260.63082790374756, 262.8029959201813, 259.61515760421753, 263.4585566520691, 259.0548813343048, 259.6017940044403, 256.02294301986694]
Model: GEMSECRicci 
average modularity 0.10080844684278893
standard deviation 0.014459848633474295
[0.08537730862643557, 0.12046381893324846, 0.09749606962313391, 0.08884974666061553, 0.11482770604771597, 0.08607327677911288, 0.09411641539545396, 0.10357924857999024, 0.08963311754606235, 0.12766776023612056]
Times:
[305.70130038261414, 303.8405034542084, 308.44649744033813, 307.93293476104736, 309.7586672306061, 313.5069122314453, 305.8975110054016, 305.0194535255432, 306.8412048816681, 310.33175683021545]