
Model: Ricci 
average modularity 0.003526662221793589
standard deviation 0.0077172677759671775
[0.003137058528738486, 0.003600744623440083, -0.005557679665155178, -0.001612179695323245, 0.01621712643413943, -0.0050534249063921635, -0.0006847099301873023, -0.001549020421869962, 0.01602630649063908, 0.010742400759906658]
Times:
[273.0553824901581, 275.8441457748413, 273.6343433856964, 268.5140516757965, 270.99035382270813, 265.9319670200348, 268.8723027706146, 268.01069831848145, 271.9210522174835, 271.44949889183044]
Model: GEMSECRicci 
average modularity 0.01505946723796101
standard deviation 0.004417106256321214
[0.017407337863210588, 0.01901455581425103, 0.009319046552797368, 0.013890707724098662, 0.019740494597867565, 0.01445364807342197, 0.021329336699537748, 0.006251362542781207, 0.014474778153166203, 0.014713404358477749]
Times:
[322.15303564071655, 376.3498194217682, 337.5398383140564, 350.6099774837494, 326.41826581954956, 335.2226891517639, 316.2061285972595, 318.8593192100525, 316.10492753982544, 315.7775228023529]