
Model: Ricci 
average modularity 0.15603433733889632
standard deviation 0.009318205973261965
[0.1608715168432708, 0.15927670581110265, 0.14950958692537808, 0.15815569110826702, 0.1749381759060957, 0.14888232333739998, 0.1675149262548559, 0.14822796147008402, 0.14513988833462382, 0.14782659739788548]
Times:
[308.5565598011017, 320.4406476020813, 348.8160285949707, 301.1911954879761, 281.8687574863434, 289.7515926361084, 364.0242397785187, 358.5578966140747, 328.73453664779663, 368.7907245159149]
Model: GEMSECRicci 
average modularity 0.2517604598353251
standard deviation 0.020198567655248037
[0.270312028372538, 0.24095606219572224, 0.2550236370817167, 0.25500211213088925, 0.28953106674286105, 0.2593180424729258, 0.248141715485901, 0.21059874808507628, 0.2321717593463756, 0.25654942643924483]
Times:
[472.99501037597656, 415.157253742218, 398.521963596344, 378.59549593925476, 374.32968497276306, 360.6268792152405, 364.15168857574463, 323.9736518859863, 310.4837725162506, 305.95297145843506]