
Model: Ricci 
average modularity 0.05025313843938981
standard deviation 0.009898275987088102
[0.05101052754447818, 0.03607469564868145, 0.03879996101356116, 0.05893601063845921, 0.060309630092589876, 0.06312081308286654, 0.0365551263969364, 0.059776336503399564, 0.05238593588704253, 0.04556234758588317]
Times:
[259.4901225566864, 262.2800512313843, 264.68925642967224, 257.25267362594604, 261.80510902404785, 262.46292901039124, 263.88170862197876, 258.546115398407, 260.50148272514343, 261.23225235939026]
Model: GEMSECRicci 
average modularity 0.09000790310444687
standard deviation 0.006424501138103324
[0.09002733856414791, 0.08899486707791487, 0.08796354219790471, 0.0909463069978867, 0.09816045989379739, 0.09909779102062792, 0.08606358919140086, 0.084289659263714, 0.09712401411507894, 0.07741146272199531]
Times:
[309.48161482810974, 308.4773733615875, 313.05273056030273, 316.6223249435425, 305.8411021232605, 311.1012296676636, 307.92626667022705, 312.34381794929504, 313.4859206676483, 311.5185332298279]