
Model: Ricci 
average modularity 0.31283716879662554
standard deviation 0.016371168625867925
[0.2794585866114912, 0.30706357581585103, 0.3238357420713047, 0.3234757842795701, 0.3089975493142088, 0.3465405099541682, 0.30161216617359254, 0.3160504868170252, 0.3096318792855892, 0.31170540764345434]
Times:
[323.6997232437134, 303.7650966644287, 293.5874345302582, 284.9691617488861, 283.89972734451294, 282.4543330669403, 283.147034406662, 285.94412207603455, 281.54727959632874, 281.5719678401947]
Model: GEMSECRicci 
average modularity 0.4291478817971228
standard deviation 0.010403925806650359
[0.4068666784025545, 0.43160831394213595, 0.41637371849167215, 0.4265847029902504, 0.4410161611725987, 0.42771945010702456, 0.44374154165491586, 0.4328048498866788, 0.43554412632278616, 0.4292192750006112]
Times:
[345.83855390548706, 345.0600526332855, 348.38316440582275, 344.2830970287323, 345.40582275390625, 342.24244379997253, 345.43168568611145, 340.215674161911, 342.4324731826782, 343.24365639686584]