
Model: Ricci 
average modularity 0.01896361490461643
standard deviation 0.006847683975871239
[0.017232690640597837, 0.017710446644328526, 0.020272804937960652, 0.012076215162311383, 0.01729794633049645, 0.029907223568040493, 0.01958912302476293, 0.016424287023805304, 0.007623344771133925, 0.03150206694272681]
Times:
[264.4319188594818, 263.1408224105835, 261.87470746040344, 263.3266439437866, 261.923611164093, 260.0787625312805, 261.8664300441742, 263.8918697834015, 260.3725619316101, 266.4910099506378]
Model: GEMSECRicci 
average modularity 0.03737205879058497
standard deviation 0.004316879021785274
[0.03813501126561172, 0.03558074718964531, 0.043474516708674776, 0.03935820621596886, 0.042047924960680085, 0.032743738972708804, 0.03953630915442003, 0.034236358062885615, 0.028613994823223653, 0.03999378055203088]
Times:
[349.6755139827728, 357.0401499271393, 367.7432510852814, 358.8084478378296, 367.8497152328491, 331.99556374549866, 317.34323620796204, 327.06427812576294, 325.41386008262634, 323.37143087387085]