
Model: Ricci 
average modularity 0.517370718068517
standard deviation 0.023368805961123573
[0.4895063341057889, 0.5106859517121175, 0.5180540891518477, 0.49304493455658194, 0.5521928684329038, 0.5265738052731838, 0.5245459399320401, 0.5530423789459247, 0.5255601177852779, 0.48050076078950343]
Times:
[115.3867244720459, 116.03367781639099, 118.71253418922424, 125.08346056938171, 134.40611004829407, 140.8688530921936, 127.74177098274231, 134.801673412323, 154.91364860534668, 144.11569476127625]
Model: GEMSECRicci 
average modularity 0.5852026831781239
standard deviation 0.013372505987999363
[0.5773226240327419, 0.5687213508717627, 0.5777378854277836, 0.6020781034818371, 0.5842000792900995, 0.5649599936587416, 0.5909125864718384, 0.6082351097197586, 0.5814342149992239, 0.5964248838274511]
Times:
[180.0532021522522, 185.17260241508484, 183.91390585899353, 186.74524474143982, 193.4525327682495, 184.44864559173584, 190.5549087524414, 189.4031491279602, 164.5686845779419, 165.41613030433655]