
Model: Ricci 
average modularity 0.4372906911586571
standard deviation 0.022094217326795673
[0.4624035639762319, 0.4093200275208169, 0.46961614576092, 0.40757753262142404, 0.43479183074725647, 0.4175205072509446, 0.45771221578988797, 0.4453355835112046, 0.45226116298979774, 0.416368341418087]
Times:
[122.89792346954346, 123.38264107704163, 131.1844289302826, 131.87803173065186, 128.03778648376465, 124.59903740882874, 114.78829288482666, 113.27775454521179, 114.85086131095886, 115.5149335861206]
Model: GEMSECRicci 
average modularity 0.5659666384370234
standard deviation 0.021129466259164748
[0.5854088403928045, 0.5249592851658136, 0.5697200141107499, 0.5635922356585564, 0.5593150178653592, 0.6008312232852077, 0.5569651532042853, 0.5602789337094584, 0.5915448820756822, 0.5470507989023177]
Times:
[155.48214030265808, 170.1326162815094, 170.38762021064758, 166.32229113578796, 160.56623125076294, 157.59215450286865, 154.76804614067078, 154.48939657211304, 169.02148389816284, 155.26505732536316]