
Model: Ricci 
average modularity 0.37854823650133756
standard deviation 0.023249992659637186
[0.4041976496448486, 0.40946133590106154, 0.36661354523447265, 0.3766510544021503, 0.3685030470116425, 0.3893890694974484, 0.4125242043137522, 0.34458797626268145, 0.34750292985944065, 0.3660515528858777]
Times:
[100.74761080741882, 101.88265228271484, 102.12136483192444, 102.37650108337402, 100.4473557472229, 101.73893737792969, 102.20414352416992, 100.43384385108948, 102.19884729385376, 100.86895537376404]
Model: GEMSECRicci 
average modularity 0.5132829381066133
standard deviation 0.01611331697405319
[0.5089807317634748, 0.5138772314219545, 0.5410197845634774, 0.5102984860585834, 0.5031443590955573, 0.5256466783883017, 0.5053281038153393, 0.48680783094065355, 0.4999270321015371, 0.537799142917254]
Times:
[136.79975128173828, 139.7409074306488, 138.99312257766724, 138.35218620300293, 137.55125761032104, 136.86259579658508, 136.3322422504425, 137.12345433235168, 137.17093753814697, 137.72592186927795]