
Model: Ricci 
average modularity 0.25872914415650744
standard deviation 0.021479499245597763
[0.268381853919674, 0.2991587633397467, 0.23954641844125305, 0.24787031640226329, 0.23351686757550189, 0.28040932933665175, 0.25046187599961023, 0.22823439916489682, 0.26493153122532626, 0.27478008616015054]
Times:
[101.60230779647827, 102.0760715007782, 101.04471278190613, 101.88045930862427, 103.17733120918274, 102.47602415084839, 102.67507672309875, 101.64086866378784, 102.270676612854, 102.3887140750885]
Model: GEMSECRicci 
average modularity 0.4026008502146322
standard deviation 0.020522882829300083
[0.3865390714370719, 0.4290020318513715, 0.38200936929567797, 0.4212988947869601, 0.42291240086031257, 0.4150596891857959, 0.36704372147097947, 0.40597184127692737, 0.3807792256902098, 0.4153922562910153]
Times:
[138.5661916732788, 137.95112085342407, 139.05822110176086, 138.69097352027893, 138.51298713684082, 137.9509720802307, 138.83025431632996, 138.00551915168762, 137.1471757888794, 136.9295792579651]