
Model: Ricci 
average modularity 0.16670481588148597
standard deviation 0.014005775429927245
[0.16959813183305117, 0.18629822120631928, 0.17486611447185657, 0.1546609529399834, 0.16690718378056932, 0.15623380549043656, 0.16405764946783477, 0.16673090206748564, 0.13910224917262642, 0.18859294838469684]
Times:
[107.9692862033844, 107.68879246711731, 105.79964709281921, 106.44758129119873, 106.60733604431152, 107.4648597240448, 108.5054543018341, 107.8129334449768, 106.90801620483398, 104.57229924201965]
Model: GEMSECRicci 
average modularity 0.24858636055015154
standard deviation 0.018088626332954348
[0.2887814548030327, 0.22775984930213589, 0.23863713371891143, 0.23278037546195013, 0.2385770096681667, 0.23747270344171517, 0.24098601571235367, 0.27038561350593593, 0.2590178124238324, 0.25146563746348144]
Times:
[142.08020496368408, 141.37123918533325, 141.05375385284424, 141.72128534317017, 143.4213626384735, 140.82255601882935, 141.62576270103455, 141.73476004600525, 141.39922404289246, 140.9958884716034]