
Model: Ricci 
average modularity 0.5082551014837116
standard deviation 0.0321566716605479
[0.5090286505831906, 0.5029285018962922, 0.49384984268284343, 0.4828779249121409, 0.5271385707716955, 0.5281345316039091, 0.5597933400281839, 0.4465021429812601, 0.48363708664920735, 0.5486604227283921]
Times:
[73.12707877159119, 72.89887428283691, 73.52308082580566, 74.67190885543823, 72.93566513061523, 73.48557162284851, 73.39563250541687, 75.19502115249634, 73.61223077774048, 74.21664071083069]
Model: GEMSECRicci 
average modularity 0.5960990334399732
standard deviation 0.018836227674523507
[0.6227383505009091, 0.614337764909643, 0.5513233325425931, 0.6067294003719814, 0.6037431789815927, 0.5867474556465119, 0.6017823043549445, 0.5825106328703354, 0.5990322049830316, 0.5920457092381894]
Times:
[109.89001488685608, 109.2711386680603, 109.61209106445312, 109.74775409698486, 110.31794953346252, 113.63678622245789, 119.85034370422363, 112.35729908943176, 111.68425512313843, 110.84514808654785]