
Model: Ricci 
average modularity 0.768392681103025
standard deviation 0.027589396226538193
[0.7825718852230124, 0.793360710607897, 0.7879580310045536, 0.7558846681748393, 0.7544172701697309, 0.7921841009532549, 0.789087477014374, 0.7882250131325164, 0.7186402195587704, 0.7215974351913022]
Times:
[88.41796159744263, 94.74614810943604, 90.86657452583313, 85.86298131942749, 83.62287783622742, 84.36808776855469, 85.448166847229, 82.99936652183533, 81.97211122512817, 81.63123726844788]
Model: GEMSECRicci 
average modularity 0.8219864081297427
standard deviation 0.005762281749268401
[0.8180000113489306, 0.8222381041463614, 0.8178308386602263, 0.8286148372177808, 0.8270576918097581, 0.8288060608407395, 0.8201107677219559, 0.8249705329082863, 0.8089991433062012, 0.8232360933371864]
Times:
[111.78968691825867, 112.60304355621338, 116.12571549415588, 115.47409892082214, 114.72332239151001, 113.44831609725952, 115.1879141330719, 117.14604759216309, 114.08043146133423, 114.3013596534729]