
Model: Ricci 
average modularity 0.7522110358500032
standard deviation 0.0378271089720797
[0.7295686407525774, 0.7498501786966422, 0.8186912305381568, 0.6914682919932551, 0.6977322383908214, 0.7728293345306682, 0.7971524031379785, 0.756619893040596, 0.7430989530252019, 0.7650991943941343]
Times:
[92.30533719062805, 86.4323410987854, 87.53821110725403, 88.431969165802, 87.58884835243225, 92.21759128570557, 100.16479635238647, 87.9309413433075, 102.99036002159119, 101.16087079048157]
Model: GEMSECRicci 
average modularity 0.8093960190617263
standard deviation 0.009702971140366976
[0.8018018728470215, 0.8293967551055159, 0.811319287793375, 0.8167439629129076, 0.8128236789362242, 0.7987094066987259, 0.8039979876844877, 0.8088470020533244, 0.7943248439551761, 0.8159953926305048]
Times:
[158.3851399421692, 156.54155707359314, 155.54098343849182, 154.66824865341187, 149.9058690071106, 172.57054257392883, 174.21596932411194, 150.09193086624146, 134.73431277275085, 137.19291758537292]