
Model: Ricci 
average modularity 0.7059122365948282
standard deviation 0.04927640935944566
[0.7160235542535027, 0.749635547976105, 0.623333456675378, 0.7469736592325751, 0.7812808292239656, 0.7219362784698761, 0.6466571305404185, 0.7333224706842901, 0.6921202749052344, 0.6478391639869366]
Times:
[70.85488057136536, 70.86895847320557, 71.27176117897034, 71.73189115524292, 71.68154263496399, 71.18104314804077, 71.40569281578064, 70.93595242500305, 72.65899157524109, 71.62666749954224]
Model: GEMSECRicci 
average modularity 0.7749240621902767
standard deviation 0.014026708329946692
[0.7675651426620848, 0.7844764174801254, 0.7522643090637213, 0.7657794807189586, 0.7900634336479198, 0.7892133512529435, 0.76631356241524, 0.7667447942125984, 0.7993246264722916, 0.7674955039768833]
Times:
[105.81489324569702, 105.4922251701355, 105.33556032180786, 103.11197257041931, 104.79546403884888, 103.7219569683075, 104.13270974159241, 104.78014659881592, 105.06358766555786, 106.57074451446533]