
Model: Ricci 
average modularity 0.6034015821143188
standard deviation 0.022892101692989046
[0.5979814793297271, 0.5660146817064204, 0.5933009884255259, 0.5895019985135428, 0.571601567799689, 0.6070031084727806, 0.6315063739437912, 0.6212214153498063, 0.6374813085275176, 0.6184028990743868]
Times:
[117.08735132217407, 123.7425971031189, 117.81752133369446, 78.54542708396912, 79.42840671539307, 70.75519847869873, 70.18607306480408, 71.32359743118286, 73.26789546012878, 71.55232763290405]
Model: GEMSECRicci 
average modularity 0.6931577311479125
standard deviation 0.01084155193572241
[0.701676034558409, 0.6902532735995199, 0.7113651530474876, 0.7015669037540124, 0.68684925340619, 0.6927718578308678, 0.6825014219284876, 0.7057933662234134, 0.6789205991561612, 0.6798794479745774]
Times:
[104.65878963470459, 104.26882886886597, 105.07753777503967, 105.84061574935913, 105.93172979354858, 105.06527853012085, 104.70320415496826, 104.65556526184082, 104.42780923843384, 104.99905610084534]