
Model: Ricci 
average modularity -0.003869930784965113
standard deviation 0.0034402821920175705
[-0.001285926814452562, -0.009262555208391428, -0.0026333219317262483, -0.0022635564700786747, -0.0023393588886853056, -0.0030794158661483833, -6.0777516771932244e-05, -0.009793916540252114, -0.007588053415389691, -0.0003924251977547831]
Times:
[195.2290267944336, 198.30619287490845, 199.3756697177887, 200.0996115207672, 200.6193459033966, 199.5613214969635, 199.81347155570984, 202.3423788547516, 200.56002259254456, 201.2444086074829]
Model: GEMSECRicci 
average modularity 0.03136169118487885
standard deviation 0.004608860075783652
[0.030473113208742256, 0.03410504124766865, 0.030527386924353556, 0.022776527125836315, 0.0379709415075018, 0.03101933626463075, 0.036161419736754394, 0.024764756679480162, 0.03560673019480475, 0.030211658959015883]
Times:
[246.21041822433472, 246.61540961265564, 248.22636818885803, 245.04770827293396, 247.7377438545227, 248.04175066947937, 250.96415376663208, 246.94123482704163, 250.0331633090973, 247.95353507995605]