
Model: Ricci 
average modularity 0.06925633322529379
standard deviation 0.005841735426206869
[0.07490010627639576, 0.0808488942035903, 0.07373561727387885, 0.06808774065615039, 0.07235527056310577, 0.06597160956232746, 0.060932770131696935, 0.06205773336218679, 0.06639702509443512, 0.0672765651291705]
Times:
[198.49931955337524, 198.44911766052246, 201.03955960273743, 202.70317125320435, 199.466459274292, 201.09036540985107, 197.6827199459076, 199.3564658164978, 195.61711025238037, 198.94080090522766]
Model: GEMSECRicci 
average modularity 0.18670318288786814
standard deviation 0.019400745877293377
[0.16350803559763422, 0.1962256852934842, 0.18881812784554286, 0.19102461848342733, 0.17113157652284883, 0.20768367545482422, 0.16401352236858116, 0.22813316616951815, 0.18349574133320107, 0.1729976798096194]
Times:
[244.57964968681335, 242.23629021644592, 241.73364305496216, 243.91128206253052, 242.96744084358215, 241.17651462554932, 245.7874984741211, 244.61375212669373, 241.81467056274414, 245.0639669895172]