
Model: Ricci 
average modularity 0.004710782749251465
standard deviation 0.003006165857548799
[0.009321263364159145, 0.006272260178041208, 0.003706092574171945, 0.005683480350113838, 0.005181983554058795, 0.006095648730439499, 0.007866376254158092, 0.0032328086659029294, -0.001476638378644569, 0.001224552200113761]
Times:
[206.51781797409058, 204.01687359809875, 204.83094239234924, 202.94971227645874, 205.20317125320435, 205.65897512435913, 204.94476532936096, 200.34494638442993, 205.05956840515137, 218.46257638931274]
Model: GEMSECRicci 
average modularity 0.06945945768085438
standard deviation 0.004481131040762142
[0.07553597000595297, 0.06752969342555926, 0.06676553375395367, 0.07300655004419705, 0.0773752811619106, 0.06251596439528277, 0.07186360228827555, 0.06709227722030472, 0.06651463955045038, 0.06639506496265676]
Times:
[291.19076442718506, 280.03064036369324, 267.5611038208008, 269.0086190700531, 282.49954080581665, 251.96565103530884, 259.6153016090393, 298.6322674751282, 280.61864399909973, 254.27473306655884]