
Model: Ricci 
average modularity 0.1955559869564817
standard deviation 0.009335544561687524
[0.2067963216452553, 0.18948796774761834, 0.18418618715112303, 0.19425154897410138, 0.19570509780407525, 0.17593822825394922, 0.20495542566647512, 0.200533615028284, 0.20165155217762587, 0.20205392511630935]
Times:
[221.71243596076965, 219.93282675743103, 221.0729284286499, 220.98338150978088, 219.20336866378784, 221.02605772018433, 239.80202913284302, 243.88365149497986, 240.25405311584473, 235.24899530410767]
Model: GEMSECRicci 
average modularity 0.35162661514536625
standard deviation 0.020859397064326386
[0.3457206079323247, 0.3847182143594411, 0.3371732248638338, 0.3508028939535655, 0.3511179091538024, 0.3881519421938974, 0.34858575868341113, 0.3492447397129667, 0.310893047991275, 0.34985781260914467]
Times:
[296.2824397087097, 331.133841753006, 352.2359983921051, 366.58615946769714, 343.38103675842285, 362.2035505771637, 341.233345746994, 310.30476808547974, 309.17247772216797, 297.51782727241516]