
Model: Ricci 
average modularity 0.01731874603722696
standard deviation 0.005245288570394698
[0.010089593061270793, 0.015859697848747894, 0.014304725908399511, 0.015743024939778975, 0.021048406548557087, 0.008095334143164724, 0.0197511507540934, 0.019646424458684968, 0.024913976012564006, 0.02373512669700823]
Times:
[199.42452788352966, 200.7646074295044, 197.30324864387512, 199.53370356559753, 198.33647274971008, 199.33092761039734, 203.15971565246582, 197.4626636505127, 198.72900247573853, 199.37353539466858]
Model: GEMSECRicci 
average modularity 0.10830986222980796
standard deviation 0.010963779914243205
[0.11196466200278415, 0.11059404268739775, 0.10829669786578677, 0.07980760500030758, 0.10818141318923487, 0.11415979413324483, 0.12127883312663004, 0.09916197692835607, 0.11469702509292545, 0.11495657227141205]
Times:
[242.899475812912, 247.11100506782532, 244.77396965026855, 241.4239203929901, 245.14063596725464, 241.8398334980011, 242.7235095500946, 243.95896291732788, 243.46118688583374, 241.76785898208618]