
Model: Ricci 
average modularity 0.8141567793481157
standard deviation 0.007780369198735353
[0.7965695123407054, 0.8233821322586613, 0.8159579127953397, 0.8212415584491246, 0.8202298935885729, 0.8120897639883481, 0.8043868548972585, 0.8152731191911807, 0.8185775157599267, 0.8138595302120389]
Times:
[51.188074588775635, 52.81403732299805, 70.19804263114929, 72.38313913345337, 71.74842572212219, 71.43571877479553, 73.0627555847168, 71.53552913665771, 72.60154962539673, 72.49138569831848]
Model: GEMSECRicci 
average modularity 0.8091926330642212
standard deviation 0.005471559507219008
[0.815074239509859, 0.806775198125931, 0.8088202157884562, 0.819335148965568, 0.8092476049901416, 0.804928039930539, 0.8106328544998311, 0.8017398705920054, 0.8138343000466841, 0.8015388581931947]
Times:
[97.441077709198, 96.63995003700256, 96.58219337463379, 97.28971147537231, 94.48652362823486, 94.89081597328186, 96.08619332313538, 94.64801144599915, 93.98346471786499, 93.04036116600037]