
Model: Ricci 
average modularity 0.8086240671936691
standard deviation 0.006674106592739983
[0.8046231167030662, 0.8103883454033399, 0.8100566633672134, 0.7939457832138012, 0.8119381665363009, 0.8080836849078681, 0.8062344292326481, 0.806616439038759, 0.8126223493543339, 0.8217316941793598]
Times:
[44.476588010787964, 45.38742256164551, 44.61164474487305, 43.89527130126953, 44.394413232803345, 43.45651888847351, 46.315274238586426, 45.27763509750366, 44.61990237236023, 44.49942421913147]
Model: GEMSECRicci 
average modularity 0.7949985236091189
standard deviation 0.0075689417267522175
[0.7911796452744801, 0.8026553651634523, 0.7888408176716024, 0.8008683408757367, 0.7779791962486833, 0.7965346807516901, 0.7914028708236609, 0.8054221826862376, 0.7969696913560784, 0.7981324452395671]
Times:
[66.56847906112671, 67.10523819923401, 67.43292427062988, 68.49889326095581, 68.04471826553345, 66.62856960296631, 67.56033658981323, 66.61829543113708, 65.74807024002075, 66.56321454048157]