
Model: Ricci 
average modularity 0.8223659375128743
standard deviation 0.006704278528515319
[0.8180402857346095, 0.8099577076248968, 0.8251393370951585, 0.8269489856392906, 0.8143962031467138, 0.8264140108242847, 0.8210391365438695, 0.8257258495065137, 0.8347697428930033, 0.8212281161204029]
Times:
[50.57734751701355, 50.66391706466675, 49.39106297492981, 49.52225351333618, 49.930100440979004, 49.65566062927246, 49.72361350059509, 50.431283950805664, 51.962247133255005, 56.087291955947876]
Model: GEMSECRicci 
average modularity 0.8226818485142748
standard deviation 0.0033687660736760896
[0.819976095173419, 0.8257959053327683, 0.826129399591466, 0.8226787398813713, 0.826625245500785, 0.8236266933726524, 0.825429046042951, 0.8182984250940151, 0.8219700970925762, 0.8162888380607439]
Times:
[72.32803678512573, 69.2396969795227, 69.37393188476562, 69.1421890258789, 69.72436618804932, 68.87000942230225, 69.4374852180481, 69.31320452690125, 70.95087671279907, 74.85567140579224]