
Model: Ricci 
average modularity 0.8230997928481937
standard deviation 0.0033918582326599935
[0.8250009923596561, 0.8208726318831887, 0.8248780666178656, 0.8171225258849482, 0.8181964221330045, 0.8247349396283555, 0.8207038770461486, 0.826318458033241, 0.8270707183345553, 0.8260992965609748]
Times:
[42.01654887199402, 42.574915409088135, 42.8626823425293, 42.81832814216614, 42.575865030288696, 42.68172359466553, 42.7897732257843, 42.54179406166077, 42.65398025512695, 42.52723979949951]
Model: GEMSECRicci 
average modularity 0.8138877540684029
standard deviation 0.00344552211314944
[0.8142638655934389, 0.8138767882760637, 0.8071656028853055, 0.8137769029306875, 0.8177172587392453, 0.8156938132372549, 0.8134851837582278, 0.8096896245331227, 0.8132202418522438, 0.8199882588784374]
Times:
[62.10715317726135, 61.296977281570435, 63.529638051986694, 61.550111055374146, 62.54246258735657, 62.458411693573, 63.47112846374512, 62.866138219833374, 62.17288637161255, 61.49163031578064]