
Model: Ricci 
average modularity 0.8206760570805006
standard deviation 0.007849071328349722
[0.8294594558894351, 0.8207478754610044, 0.8110414032987096, 0.8315091601608883, 0.8170990760604714, 0.817207858076286, 0.8123597499138221, 0.8219810828529232, 0.8120697959803858, 0.83328511311108]
Times:
[56.94135499000549, 58.0256233215332, 56.9891037940979, 57.648011922836304, 59.97793507575989, 53.13005590438843, 56.369301319122314, 53.898698568344116, 53.586164236068726, 54.31757378578186]
Model: GEMSECRicci 
average modularity 0.8199253883468799
standard deviation 0.005264800490614163
[0.8205406679457736, 0.8223532563176329, 0.8205255711249637, 0.8169566001287001, 0.8206664965996464, 0.8277641770473796, 0.8195612421891697, 0.8064034139534775, 0.8205040291681386, 0.823978428993918]
Times:
[79.70679497718811, 78.21530771255493, 78.17455554008484, 76.31797075271606, 77.4056966304779, 76.21259474754333, 71.9605667591095, 70.82486701011658, 73.94572162628174, 73.02042841911316]