
Matrix being used: adj
average modularity 0.6960344970862884
standard deviation 0.0027131381394455006
[0.6976824901753036, 0.6984713993221562, 0.6976824901753036, 0.6976837738329583, 0.6976824901753036, 0.6926227093825515, 0.6976824901753036, 0.6915773187243494, 0.6915773187243494, 0.6976824901753036]
Times:
[0.5540173053741455, 0.6453368663787842, 0.5629785060882568, 0.5177481174468994, 0.6296141147613525, 0.5381021499633789, 0.5839700698852539, 0.6082613468170166, 0.5129795074462891, 0.5488433837890625]
Matrix being used: ricci
average modularity 0.7674072225271455
standard deviation 0.0013520869329689826
[0.7687004287490399, 0.7662408332916189, 0.7686876156642669, 0.7701184459275944, 0.7661234197268161, 0.7664725108455146, 0.7681483183628312, 0.7672647474343661, 0.7660067948144286, 0.7663091104549793]
Times:
[0.7038877010345459, 0.7320010662078857, 0.605292558670044, 0.6565485000610352, 0.5354046821594238, 0.5606958866119385, 0.6299893856048584, 0.5789027214050293, 0.5714476108551025, 0.88307785987854]
Matrix being used: half
average modularity 0.6848085523105631
standard deviation 5.628184896579952e-05
[0.6848774832164364, 0.6847625983733142, 0.6847625983733142, 0.6847625983733142, 0.6847625983733142, 0.6847625983733142, 0.6848774832164364, 0.6848774832164364, 0.6847625983733142, 0.6848774832164364]
Times:
[0.5493733882904053, 0.5405538082122803, 0.6748046875, 0.6116385459899902, 0.6505818367004395, 0.6635041236877441, 0.5703482627868652, 0.5623648166656494, 0.640815258026123, 0.5716750621795654]