
Matrix being used: adj
average modularity 0.3973579074222643
standard deviation 0.0011890332286633523
[0.39862042203075854, 0.39667910056809175, 0.3964681158867874, 0.3951527125998886, 0.39808021847170016, 0.39635483649102893, 0.39781539135488514, 0.39839308062339274, 0.39682952562004353, 0.39918567057606696]
Times:
[1.8890037536621094, 2.0853991508483887, 1.4569065570831299, 1.5816972255706787, 1.9538397789001465, 2.224766731262207, 2.117720127105713, 1.9427552223205566, 1.7601404190063477, 1.4385228157043457]
Matrix being used: ricci
average modularity 0.5462230375501022
standard deviation 0.0011935206810449604
[0.5467099357787225, 0.5436056890087442, 0.5452855391192623, 0.5471310857975378, 0.546405710906639, 0.5475202276869425, 0.5452925037242318, 0.5466004640292543, 0.5478318646601928, 0.5458473547894938]
Times:
[1.9229893684387207, 1.7609202861785889, 1.7865524291992188, 2.0674123764038086, 2.0620644092559814, 1.9872856140136719, 2.020092725753784, 1.7893345355987549, 1.6567635536193848, 1.8487379550933838]
Matrix being used: half
average modularity 0.48474270790419355
standard deviation 0.0002350270437401067
[0.4849214899076177, 0.4844449965411778, 0.48510106397382985, 0.48427772999084434, 0.48491053346845814, 0.4848794846510266, 0.48488111493321306, 0.48468454624415463, 0.48471335008882854, 0.4846127692427841]
Times:
[1.9032297134399414, 2.127790927886963, 2.15976881980896, 1.8905811309814453, 2.0223939418792725, 2.160775661468506, 2.2554361820220947, 1.967435598373413, 1.9230382442474365, 1.9023864269256592]