
Matrix being used: adj
average modularity 0.6593695262116253
standard deviation 0.0031721965477675826
[0.6589169621345895, 0.6566691152511818, 0.6587575740364919, 0.6619424485162485, 0.6589169621345895, 0.6646016453200865, 0.6619424485162485, 0.6620233333358468, 0.6532233359665108, 0.6567014369044588]
Times:
[1.4472651481628418, 1.205359697341919, 1.3394098281860352, 1.4152553081512451, 1.7459912300109863, 1.2970335483551025, 1.295348882675171, 1.2673330307006836, 1.2847132682800293, 1.3330717086791992]
Matrix being used: ricci
average modularity 0.7860279734737854
standard deviation 4.586410956934003e-05
[0.7860390130969261, 0.7860642498520745, 0.7860390130969261, 0.7860390130969261, 0.7860390130969261, 0.7860219839582206, 0.7858951724939279, 0.7860642498520745, 0.7860390130969261, 0.7860390130969261]
Times:
[1.007425308227539, 0.9302577972412109, 0.8656742572784424, 0.8929271697998047, 0.9362969398498535, 1.0297811031341553, 0.8682947158813477, 0.9603641033172607, 1.0165252685546875, 1.0012004375457764]
Matrix being used: half
average modularity 0.6945125168594315
standard deviation 1.1102230246251565e-16
[0.6945125168594316, 0.6945125168594316, 0.6945125168594316, 0.6945125168594316, 0.6945125168594316, 0.6945125168594316, 0.6945125168594316, 0.6945125168594316, 0.6945125168594316, 0.6945125168594316]
Times:
[1.2641081809997559, 1.259803295135498, 1.2481930255889893, 1.1984708309173584, 1.2724103927612305, 1.2269923686981201, 1.1709308624267578, 1.3311762809753418, 1.3081765174865723, 1.2209467887878418]