
Matrix being used: adj
average modularity 0.537498182194533
standard deviation 0.014523318708983884
[0.5168121844638035, 0.5161164992685243, 0.5477702518203119, 0.516137896142341, 0.5462134108101394, 0.5504488325192168, 0.5476601465583134, 0.5343076356583459, 0.5512909784297644, 0.5482239862745695]
Times:
[3.342768669128418, 2.9961986541748047, 3.099311113357544, 3.0116958618164062, 3.060373067855835, 2.975022315979004, 3.543602466583252, 3.0443389415740967, 2.9894275665283203, 3.1433980464935303]
Matrix being used: ricci
average modularity 0.6132521161087008
standard deviation 0.0001775784748051644
[0.6133417848456437, 0.612734214763976, 0.6132992150989933, 0.6133228919716583, 0.6133417848456437, 0.613331771533081, 0.6133228919716583, 0.6133128786590956, 0.6133228919716583, 0.6131908354256]
Times:
[1.9730308055877686, 1.8758280277252197, 1.756617784500122, 1.7707345485687256, 1.852595329284668, 1.7848544120788574, 1.7805907726287842, 1.7291538715362549, 1.9313712120056152, 2.0851023197174072]
Matrix being used: half
average modularity 0.5929583444928989
standard deviation 0.0018114568399259826
[0.5926150189984857, 0.5982671300198336, 0.5917658599514425, 0.5926718575140307, 0.5919157870897337, 0.5929440780671105, 0.5922469892573033, 0.591875610748287, 0.5927839828462609, 0.5924971304365004]
Times:
[2.383387327194214, 2.2319881916046143, 2.3949153423309326, 2.267064332962036, 2.250185966491699, 2.2683053016662598, 2.3547723293304443, 2.1854279041290283, 2.245753526687622, 2.267160415649414]