
Model: Ricci 
average modularity 0.040462382436485825
standard deviation 0.007808762320901822
[0.02810902550028682, 0.0504794937194224, 0.04517355155666118, 0.04144738356560931, 0.03486030366757237, 0.041906314469412766, 0.03585872967861991, 0.03854665914908449, 0.032973335552979904, 0.055269027505209165]
Times:
[285.80856919288635, 273.8440170288086, 284.25026774406433, 318.52842450141907, 284.2819628715515, 273.4349756240845, 262.25771856307983, 293.7654592990875, 301.7258424758911, 276.710640668869]
Model: GEMSECRicci 
average modularity 0.10782540710360777
standard deviation 0.012702207879344502
[0.09800565749760509, 0.09885390487402425, 0.10396333124213496, 0.12436850975987795, 0.10788835612926793, 0.11879076548243427, 0.1322910787364392, 0.08837269727271056, 0.10370332019575221, 0.10201644984583118]
Times:
[324.93902611732483, 310.2841148376465, 301.5701596736908, 299.2894518375397, 302.71914982795715, 314.0399820804596, 324.283727645874, 336.84205317497253, 352.775438785553, 343.87242245674133]