
Model: Ricci 
average modularity 0.51698672154786
standard deviation 0.012261177721584832
[0.5084255149599083, 0.5035193315073435, 0.5019769927563671, 0.5094585588386052, 0.5134809568836923, 0.5451156340168641, 0.5171583316922781, 0.5277721408453638, 0.5196802891731457, 0.5232794648050302]
Times:
[263.46652722358704, 259.39838337898254, 284.4647195339203, 281.36585783958435, 267.11328053474426, 266.2605438232422, 269.92001390457153, 268.40147590637207, 271.0112714767456, 275.79055309295654]
Model: GEMSECRicci 
average modularity 0.6006400430145298
standard deviation 0.009236040481867533
[0.5856697225605417, 0.6054817016715377, 0.6052488285531129, 0.5990601462073858, 0.6054122199230885, 0.6207379461107888, 0.5902805047291253, 0.6022426845857117, 0.5946255829532773, 0.597641092850728]
Times:
[327.8202209472656, 314.59565925598145, 656.8738529682159, 317.91535806655884, 319.7972149848938, 322.8590295314789, 335.47137689590454, 342.9477651119232, 416.0642352104187, 351.97507190704346]