
Model: Ricci 
average modularity 0.5748906857969678
standard deviation 0.010282513220442926
[0.5638672619565996, 0.5684448531377415, 0.567397382397579, 0.5661411964341662, 0.5743439552253833, 0.5851297377175267, 0.5786254294565643, 0.5981855264417262, 0.5664840055649595, 0.5802875096374308]
Times:
[285.091833114624, 280.2147207260132, 275.7804915904999, 273.24742555618286, 276.2186322212219, 277.16322588920593, 274.90533566474915, 267.82294249534607, 278.31676054000854, 272.9541063308716]
Model: GEMSECRicci 
average modularity 0.6273311399685149
standard deviation 0.008901395742554075
[0.6261964054781135, 0.6170013857215859, 0.6255159698766537, 0.6173100108206737, 0.632168521988216, 0.6283362820451772, 0.6408846720254868, 0.6405956313261371, 0.6139110926468428, 0.6313914277562614]
Times:
[335.0175986289978, 332.3794939517975, 333.53240180015564, 321.2624716758728, 327.82254457473755, 308.3706066608429, 314.32943987846375, 338.1731402873993, 345.08040499687195, 334.55875515937805]