
Model: Ricci 
average modularity 0.15429400560479395
standard deviation 0.0127470876382007
[0.16261751946334374, 0.15262657134845384, 0.15517265642184816, 0.14954962038471808, 0.13507380288554469, 0.1698317268116296, 0.16291427796461116, 0.13052206872540256, 0.1709930936481085, 0.15363871839427912]
Times:
[282.9338610172272, 272.5822603702545, 262.97043895721436, 270.36741948127747, 268.0784788131714, 259.7735769748688, 275.3910491466522, 267.7967436313629, 261.3705368041992, 270.48677372932434]
Model: GEMSECRicci 
average modularity 0.24298535965665907
standard deviation 0.01646955541650503
[0.2502817546791858, 0.2307135018976653, 0.22664231415139388, 0.2488908380078017, 0.2502153414194989, 0.25703522275644425, 0.24359130261812506, 0.2610546566264283, 0.25649186790321554, 0.20493679650683266]
Times:
[331.66909980773926, 304.4281258583069, 303.7494637966156, 304.85885190963745, 304.616206407547, 307.0035078525543, 305.0240948200226, 303.63384675979614, 300.2344033718109, 306.7472026348114]