
Model: Ricci 
average modularity 0.43625394159174685
standard deviation 0.02749729666993489
[0.4886431241050328, 0.41814293437745, 0.44408429452535253, 0.4203541418676829, 0.42160989562738244, 0.43916874691047747, 0.4520853876376532, 0.3849020974336732, 0.42625234211850715, 0.4672964513142564]
Times:
[125.28596210479736, 100.6743676662445, 100.27469754219055, 98.83310103416443, 95.14168167114258, 90.84075236320496, 92.27106356620789, 91.04513216018677, 19063.112045764923, 112.40559077262878]
Model: GEMSECRicci 
average modularity 0.5856307060185137
standard deviation 0.02530066850382421
[0.5761778315499548, 0.6086738322342169, 0.5620991825054444, 0.5850580695993297, 0.5688500400925832, 0.5768837182561124, 0.5622046336081059, 0.6092751799622178, 0.564050240877442, 0.6430343314997296]
Times:
[158.72468495368958, 158.48756957054138, 186.64432501792908, 166.88097214698792, 156.3740918636322, 135.02528429031372, 136.12959814071655, 131.77629566192627, 147.48843336105347, 136.95278024673462]