
Model: Ricci 
average modularity 0.6722265104001235
standard deviation 0.014785150795156625
[0.6713346141336729, 0.6880711496852951, 0.6639558088111434, 0.6798754151520031, 0.6763358745843926, 0.6360229712039613, 0.6719997599034372, 0.6862523874185664, 0.6624818463526896, 0.6859352767560732]
Times:
[99.9673969745636, 100.4668915271759, 98.91417145729065, 100.82095408439636, 122.3759171962738, 111.87849879264832, 115.25793623924255, 129.52554845809937, 123.5392804145813, 132.61612248420715]
Model: GEMSECRicci 
average modularity 0.6794209607079751
standard deviation 0.008710159599919933
[0.688169539977054, 0.6798499243399971, 0.6911656627824657, 0.6781061288602802, 0.6734434846660128, 0.6716581822727615, 0.6658019106946446, 0.6699022340680245, 0.6848106887245756, 0.6913018506939349]
Times:
[144.38093876838684, 143.35314798355103, 141.0471761226654, 140.19121050834656, 142.44252395629883, 151.10084438323975, 143.23088216781616, 146.13966965675354, 143.93470430374146, 144.9875247478485]