
Model: Ricci 
average modularity 0.8337241552347386
standard deviation 0.01121218736761277
[0.8374379878527288, 0.8406429920114353, 0.8290086543555357, 0.8416120437837791, 0.8351874473067881, 0.8314677155649786, 0.8441191139788923, 0.8040907606840455, 0.8298301697429319, 0.8438446670662713]
Times:
[87.73829627037048, 115.4322018623352, 119.28292059898376, 117.00492334365845, 117.38104057312012, 115.44115781784058, 115.48873138427734, 121.77099251747131, 135.542382478714, 118.0028247833252]
Model: GEMSECRicci 
average modularity 0.850513912334551
standard deviation 0.002471264188763273
[0.8485216376312061, 0.8473572021481965, 0.8478199969743345, 0.8514744324526979, 0.8484985346151352, 0.8510531044091434, 0.8524020599392133, 0.8502449068729306, 0.8518516480035556, 0.8559156002990969]
Times:
[173.50565195083618, 136.0181963443756, 160.22623229026794, 166.01578330993652, 165.83885717391968, 177.5562448501587, 104.44984269142151, 105.35062861442566, 107.48853278160095, 105.81144881248474]