
Model: Ricci 
average modularity 0.7661249565349367
standard deviation 0.03399167309406902
[0.8035944916237321, 0.8033782784733665, 0.774519151360875, 0.7936935032674644, 0.7627883075952382, 0.7089133803185991, 0.7804065765126693, 0.7273299438798596, 0.7894409713362371, 0.7171849609813263]
Times:
[67.98183989524841, 68.59205746650696, 68.04998087882996, 68.24990940093994, 68.30561566352844, 68.23233556747437, 68.38528442382812, 68.21824765205383, 68.25165677070618, 68.10860061645508]
Model: GEMSECRicci 
average modularity 0.809483137379946
standard deviation 0.006483047698121209
[0.8095523870188447, 0.8113428884234711, 0.8192087077761385, 0.8120467601599594, 0.8074613807253801, 0.8128491456906998, 0.7952128567136162, 0.8035668227908035, 0.8168412078344667, 0.8067492166660801]
Times:
[331.1090338230133, 114.00252175331116, 124.2117531299591, 102.73481750488281, 149.60617852210999, 129.42146468162537, 128.0490665435791, 103.78073763847351, 106.9848964214325, 130.5271224975586]