
Model: Ricci 
average modularity 0.7680520711654488
standard deviation 0.022294918780333108
[0.7812051631781166, 0.7409840830811876, 0.7230650462544641, 0.7497053112801676, 0.771253360763235, 0.778811808268373, 0.7763960455090646, 0.7788453347620712, 0.7756747371818791, 0.8045798213759298]
Times:
[93.51911902427673, 80.21321058273315, 90.45940613746643, 87.45503735542297, 82.11825275421143, 80.5311541557312, 83.12381386756897, 84.5884358882904, 82.93092775344849, 81.02774691581726]
Model: GEMSECRicci 
average modularity 0.8121874487958973
standard deviation 0.009509076306498639
[0.8125565256726821, 0.7943341418430867, 0.8254599215143172, 0.8060578671151878, 0.8147527573762232, 0.8109296356247115, 0.8099279575433026, 0.8014818513236326, 0.824125983418475, 0.8222478465273537]
Times:
[112.20223546028137, 113.91117858886719, 112.56252837181091, 113.36054992675781, 113.57533144950867, 112.91137385368347, 112.9452850818634, 113.27676320075989, 114.69165802001953, 112.90034222602844]