
Model: Ricci 
average modularity 0.06826210137117054
standard deviation 0.004777619425190125
[0.07055834045777999, 0.06189759610175776, 0.07528605786643446, 0.06501755477059092, 0.06999952695752827, 0.06077964385569366, 0.06553622308918118, 0.07550584083348634, 0.07015073950197309, 0.06788949027727975]
Times:
[189.52520298957825, 191.96958661079407, 187.84246802330017, 189.45300030708313, 191.0893213748932, 193.2163050174713, 196.05626130104065, 236.9807732105255, 197.29864859580994, 209.95826745033264]
Model: GEMSECRicci 
average modularity 0.18921515607832015
standard deviation 0.016551813490442772
[0.2052897890923871, 0.1932793748964859, 0.2193922776441674, 0.17732051400549168, 0.20730263762587406, 0.16680385309806173, 0.17456418631181453, 0.19491224603475685, 0.17980088083140391, 0.17348580124275845]
Times:
[251.2647304534912, 257.5621888637543, 259.98357009887695, 262.1734445095062, 262.6057312488556, 274.84440660476685, 255.32607412338257, 256.01259112358093, 260.73621368408203, 256.82861280441284]