
Model: Ricci 
average modularity 0.5262645905613645
standard deviation 0.026316146771927208
[0.5468258841045288, 0.5349583097664988, 0.5488628680787249, 0.5513924753064401, 0.5229013910056849, 0.5552601428818269, 0.4954160999619839, 0.47580723459423424, 0.49679161638766217, 0.5344298835260614]
Times:
[212.6101589202881, 193.0358066558838, 197.1226408481598, 195.38294768333435, 196.03927993774414, 195.97306942939758, 194.65290188789368, 197.66958141326904, 195.3930914402008, 194.0669243335724]
Model: GEMSECRicci 
average modularity 0.6158019817030407
standard deviation 0.008792810903748623
[0.6242989401872739, 0.6107995814529659, 0.5961585725038145, 0.6167539277490889, 0.6144889135572685, 0.6089715946147962, 0.6260721747659371, 0.622012500083376, 0.6252811889958937, 0.6131824231199927]
Times:
[237.2473828792572, 240.4546935558319, 237.73885822296143, 236.85291576385498, 241.0239977836609, 3076.151880264282, 252.29053688049316, 255.90121173858643, 255.4346568584442, 254.9399254322052]