
Model: Ricci 
average modularity 0.8385484202580656
standard deviation 0.00444763417457658
[0.8398938894687331, 0.8450578009060334, 0.8408577133313844, 0.8341917378598303, 0.8438739077818462, 0.8304526226558884, 0.8337810596994306, 0.8415882571655515, 0.8367556250482504, 0.8390315886637076]
Times:
[45.768126487731934, 47.57949471473694, 55.98634219169617, 46.436689376831055, 46.90507984161377, 41.90100646018982, 43.94774603843689, 43.522701263427734, 43.58074355125427, 44.1521897315979]
Model: GEMSECRicci 
average modularity 0.8426505916014009
standard deviation 0.0029130433293879823
[0.8392914429226204, 0.8418418642905449, 0.8472747749988083, 0.8456330892833334, 0.8415162699798713, 0.8448643478245228, 0.8373818721174672, 0.8405364079474632, 0.8438357370049445, 0.8443301096444324]
Times:
[76.58040452003479, 71.2412121295929, 71.50549077987671, 77.51727962493896, 77.348801612854, 75.10703253746033, 69.9460961818695, 72.818430185318, 73.63789176940918, 64.7377758026123]