
Model: Ricci 
average modularity 0.8187806164096539
standard deviation 0.008342700187294827
[0.8166108918254682, 0.81757619734787, 0.8222309128362422, 0.7959608253726086, 0.8210268218203035, 0.8269343922136395, 0.8273208906265821, 0.8194188518345755, 0.8222761093315755, 0.818450270887674]
Times:
[50.10510277748108, 41.68090510368347, 43.447704553604126, 46.71007442474365, 44.47922086715698, 50.142268896102905, 41.653254985809326, 40.746878147125244, 40.666449546813965, 41.167285442352295]
Model: GEMSECRicci 
average modularity 0.8202773632486444
standard deviation 0.004279255331437127
[0.8190177616739652, 0.8283975823957531, 0.8210870463391085, 0.8108769759820502, 0.8189683685409921, 0.8238455947574199, 0.819134247313692, 0.8178984927422702, 0.821189477186004, 0.8223580855551887]
Times:
[58.318793535232544, 66.73475193977356, 64.43710446357727, 60.13578915596008, 60.887728214263916, 60.56651425361633, 59.30706286430359, 58.32956624031067, 60.477349519729614, 63.25634002685547]