
Model: Ricci 
average modularity 0.68615320293896
standard deviation 0.05174172405885481
[0.6798354761805945, 0.7110213565998807, 0.5667644186395933, 0.6686055172545292, 0.7620919167232609, 0.7356925434024565, 0.7002032963192324, 0.6474774927726359, 0.6676770762997317, 0.7221629351976848]
Times:
[88.4548864364624, 92.82603430747986, 85.55686140060425, 74.59321641921997, 74.96733260154724, 74.57326173782349, 76.99257588386536, 76.6108889579773, 81.44947957992554, 78.6219117641449]
Model: GEMSECRicci 
average modularity 0.7500547586762897
standard deviation 0.012293650965548061
[0.7343100269218605, 0.7476497731226623, 0.7550594007260079, 0.7582423105922849, 0.7697585833625535, 0.7611094701461508, 0.7472886767631096, 0.7301667150956429, 0.7373684560411224, 0.7595941739915026]
Times:
[113.03108406066895, 116.65330862998962, 115.3124189376831, 116.79947757720947, 128.01729607582092, 120.9395399093628, 108.2252094745636, 112.00863528251648, 129.60019207000732, 117.46198296546936]