50 tests DeepWalk with Ricci normalization
average modularity 0.8448033909442288
standard deviation 5.180917905966276e-05
[0.84845475 0.84031867 0.82942401 0.83857095 0.84731626 0.84370189
 0.84637215 0.81762451 0.83995467 0.85204023 0.84807817 0.85752829
 0.83777146 0.84558004 0.84604807 0.83854549 0.84333193 0.84781985
 0.84143813 0.84611061 0.83733352 0.84870772 0.83510692 0.84038726
 0.8381312  0.84502884 0.85064879 0.84999708 0.84115473 0.84396641
 0.84528275 0.85405051 0.85119093 0.85402031 0.85399819 0.84988341
 0.84300289 0.8424778  0.84990892 0.83125058 0.85015062 0.85333449
 0.85295802 0.83960943 0.84128312 0.84783025 0.84597188 0.84746767
 0.84521108 0.8547941 ]

50 tests GEMSEC with Ricci normalization
average modularity 0.8546891288921691
standard deviation 1.951868309436527e-05
[0.85180326 0.85535132 0.84846495 0.85187594 0.85762116 0.85201018
 0.85548847 0.8574421  0.84817989 0.86044059 0.85963421 0.85558317
 0.8554678  0.8549685  0.86165266 0.85539978 0.84910842 0.84252711
 0.85800132 0.84967023 0.85725534 0.85710708 0.85496907 0.85354826
 0.84813707 0.85922701 0.85416851 0.85350424 0.86062633 0.8504296
 0.85005257 0.85930429 0.85460236 0.8588935  0.84801281 0.85511445
 0.85296165 0.85222637 0.85072508 0.85119132 0.85981913 0.84789818
 0.86074333 0.8588112  0.86019566 0.85436482 0.85089774 0.86180855
 0.86006187 0.85710798]
