
Model: Ricci 
average modularity 0.7404248167169961
standard deviation 0.036451908028391655
[0.7304890983474545, 0.7525178165619331, 0.7305757701913246, 0.7362012562590822, 0.8030037887447485, 0.7394195079196151, 0.6823127745277068, 0.7790978789047982, 0.7682176803289957, 0.682412595384303]
Times:
[73.44247674942017, 76.5305233001709, 73.87743401527405, 77.81549143791199, 73.79446625709534, 73.48397898674011, 74.69137454032898, 76.0361864566803, 73.87887024879456, 73.64653539657593]
Model: GEMSECRicci 
average modularity 0.8087926323371952
standard deviation 0.007129832015929733
[0.8187780318822725, 0.8063474572294584, 0.8185513240435018, 0.8130398696896517, 0.8019445970487906, 0.7996907767870994, 0.8017724208732409, 0.8014215636472851, 0.8102443542083799, 0.8161359279622721]
Times:
[109.8622624874115, 108.76359224319458, 108.32483124732971, 109.64239835739136, 108.83803606033325, 109.42202401161194, 110.10022974014282, 107.96609425544739, 108.48235082626343, 108.78875946998596]