
Model: Ricci 
average modularity 0.7358823137799779
standard deviation 0.03075683503740012
[0.7321702243042052, 0.731961273791773, 0.7425892242664295, 0.7165031220892577, 0.6958899765133704, 0.6914693644620284, 0.7551882709857771, 0.7882581999393178, 0.7822030823067249, 0.7225903991408955]
Times:
[80.63072323799133, 80.91520237922668, 80.00177884101868, 81.90007662773132, 81.35173273086548, 81.88982677459717, 81.7123007774353, 83.11013388633728, 83.8156111240387, 84.13616609573364]
Model: GEMSECRicci 
average modularity 0.7851064006262399
standard deviation 0.011733461504896701
[0.7646905234920852, 0.7792502320671676, 0.7937399875384928, 0.7697467284908611, 0.802892034914316, 0.7951212012638481, 0.7911684394296004, 0.7752709826949131, 0.7931155169680147, 0.7860683594031005]
Times:
[112.19777989387512, 113.09138536453247, 112.66363477706909, 113.10954737663269, 112.2280683517456, 112.86246371269226, 111.46903419494629, 113.40185976028442, 111.81857013702393, 113.116037607193]