
Matrix being used: adj
average modularity 0.2524678947523996
standard deviation 0.012202528527820892
[0.2554489634848572, 0.2580384697347738, 0.2626496956151138, 0.26148465076954897, 0.2271485520810431, 0.231784241357911, 0.2500917849745539, 0.26483284454134637, 0.2554682810179644, 0.2577314639468833]
Times:
[2.208620548248291, 2.389360189437866, 4.244553327560425, 2.1500015258789062, 2.1582179069519043, 2.8549768924713135, 3.3600997924804688, 2.3328170776367188, 2.177706718444824, 2.3339178562164307]
Matrix being used: ricci
average modularity 0.1815684387354043
standard deviation 0.005529848731305253
[0.18464525846998064, 0.18453805505866652, 0.18453805505866652, 0.18663265634987578, 0.18453805505866652, 0.18453805505866652, 0.18437857809458474, 0.17621175444510673, 0.17763620749879658, 0.1680277122610326]
Times:
[2.124234437942505, 2.6688735485076904, 2.4525105953216553, 3.8528363704681396, 2.3113465309143066, 2.3856942653656006, 2.16176176071167, 2.1418468952178955, 2.6896004676818848, 2.8538100719451904]
Matrix being used: half
average modularity 0.3154910605512426
standard deviation 0.009466916067609625
[0.30876747579661795, 0.32963058638621834, 0.3196517260390499, 0.2968358724849817, 0.3108108730162561, 0.31640441561930044, 0.3055552241064451, 0.3203736077535935, 0.3207869079898799, 0.3260939163200829]
Times:
[3.9198641777038574, 2.3940329551696777, 2.587947368621826, 2.4416873455047607, 2.4354965686798096, 2.6771633625030518, 2.7065858840942383, 2.413449764251709, 2.853752851486206, 2.5653882026672363]