
Matrix being used: adj
average modularity 0.2262629641694966
standard deviation 0.02061135266459344
[0.21773627570823628, 0.2570240764648758, 0.2324900791609628, 0.19675261474641217, 0.23692579486123794, 0.24505452491746177, 0.25055977461979184, 0.19656357729593227, 0.20714851055760292, 0.2223744133624521]
Times:
[1.516404390335083, 2.0765128135681152, 2.0439043045043945, 2.214475393295288, 2.230959177017212, 1.6952486038208008, 1.621561050415039, 1.6718943119049072, 1.9808323383331299, 2.186946392059326]
Matrix being used: ricci
average modularity 0.13968520168264417
standard deviation 0.0
[0.13968520168264417, 0.13968520168264417, 0.13968520168264417, 0.13968520168264417, 0.13968520168264417, 0.13968520168264417, 0.13968520168264417, 0.13968520168264417, 0.13968520168264417, 0.13968520168264417]
Times:
[1.4354257583618164, 1.4504477977752686, 1.392435073852539, 2.0029540061950684, 1.7521030902862549, 1.6015398502349854, 1.380688190460205, 1.394075870513916, 1.3725330829620361, 1.4074525833129883]
Matrix being used: half
average modularity 0.2132424375609415
standard deviation 0.016047142453516017
[0.19483934447964937, 0.22398460116065422, 0.22260594687180424, 0.19276157230831403, 0.19483934447964937, 0.21791394741311207, 0.19483934447964937, 0.22459662831623647, 0.23172524201248523, 0.23431840408786042]
Times:
[1.5767991542816162, 1.589348554611206, 1.5227313041687012, 1.5008039474487305, 1.5424449443817139, 1.5870530605316162, 1.6762127876281738, 1.569380521774292, 1.5297865867614746, 1.5676517486572266]