
Matrix being used: adj
average modularity 0.3796514491906053
standard deviation 0.0050293877746692955
[0.37726419364187047, 0.3869447708955905, 0.375240651863355, 0.37193431281454875, 0.38475187075264505, 0.3753091079383916, 0.3855137205897527, 0.3835129474333332, 0.3808129801077974, 0.37522993586876846]
Times:
[2.0583698749542236, 2.113605260848999, 2.0678014755249023, 1.9936256408691406, 1.9970853328704834, 2.1850478649139404, 2.0493502616882324, 1.9780263900756836, 2.0647809505462646, 2.0525944232940674]
Matrix being used: ricci
average modularity 0.3453334785080477
standard deviation 0.0003848962135503321
[0.3464866305888038, 0.3451866359164033, 0.3452287437274141, 0.3451866359164033, 0.3452287437274141, 0.3451866359164033, 0.3451866359164033, 0.3452287437274141, 0.3452287437274141, 0.3451866359164033]
Times:
[1.8432714939117432, 1.698869228363037, 1.6904182434082031, 1.7027347087860107, 1.7497305870056152, 1.6746294498443604, 1.70534348487854, 1.6783220767974854, 1.7434067726135254, 1.6898221969604492]
Matrix being used: half
average modularity 0.41954307151666265
standard deviation 0.003509644246337858
[0.42321865262996317, 0.4179007667584891, 0.41144282497843154, 0.42210918482102733, 0.4165549149922361, 0.423507137278965, 0.41933103615378675, 0.4227041252461539, 0.41933103615378675, 0.41933103615378675]
Times:
[1.9663505554199219, 1.970097541809082, 2.0361032485961914, 1.9662449359893799, 2.0514705181121826, 1.9734077453613281, 2.090865135192871, 2.049592971801758, 1.98868727684021, 2.0510778427124023]