
Matrix being used: adj
average modularity 0.54490182243074
standard deviation 0.017838247005000522
[0.5417742902399869, 0.5393595164204554, 0.5487207386849589, 0.5172983062820146, 0.5401827207583719, 0.5393671900159723, 0.5923946103829328, 0.5486657410932658, 0.5389215459430717, 0.5423335644863702]
Times:
[3.4676296710968018, 4.804318189620972, 3.685688018798828, 3.838660478591919, 6.367787599563599, 6.696319341659546, 4.650416851043701, 4.369404315948486, 4.875562429428101, 4.412295341491699]
Matrix being used: ricci
average modularity 0.5696310860063187
standard deviation 8.631900719247041e-05
[0.56949875927748, 0.5696784759926061, 0.5696002750927527, 0.5696498831937783, 0.5696772668035108, 0.5696269020397339, 0.5696139889340879, 0.5695116318890434, 0.5698227604517242, 0.5696309163884699]
Times:
[2.268311023712158, 2.2936673164367676, 2.167659282684326, 2.266409397125244, 2.2208378314971924, 2.2742512226104736, 2.15244460105896, 2.3154373168945312, 1.933783769607544, 1.9749746322631836]
Matrix being used: half
average modularity 0.5477519380652183
standard deviation 0.013323965867399205
[0.5444468971737526, 0.5457149767934761, 0.5412919505752307, 0.5436181849778505, 0.5444236624511976, 0.587542647115205, 0.54183821833436, 0.5429992977422083, 0.5434691244040627, 0.5421744210848378]
Times:
[4.2778754234313965, 2.433419942855835, 4.597544193267822, 4.234130620956421, 4.590097904205322, 3.2205424308776855, 2.328094720840454, 4.2468132972717285, 3.7544972896575928, 2.7102608680725098]