
Matrix being used: adj
average modularity 0.5341427933599273
standard deviation 0.003386526923578496
[0.5384996285441999, 0.5309785212392968, 0.5310155230775513, 0.531685894287263, 0.531580832702629, 0.5383511546942946, 0.5383404399493651, 0.531500202970821, 0.5315528133975183, 0.5379229227363345]
Times:
[2.051717519760132, 2.10203218460083, 2.0795247554779053, 1.8852088451385498, 2.1122066974639893, 2.2361087799072266, 2.07309889793396, 2.1968979835510254, 1.9872386455535889, 1.975250005722046]
Matrix being used: ricci
average modularity 0.6093603107516589
standard deviation 0.00014524578679948948
[0.6094638097841636, 0.6090416493462932, 0.609418147824222, 0.6093427214134358, 0.6094187224789058, 0.6093906094495343, 0.6094312531001447, 0.6091265604648118, 0.6094800078357231, 0.6094896258193543]
Times:
[1.697685718536377, 1.6923065185546875, 1.7995295524597168, 1.709932565689087, 1.688166618347168, 1.6144509315490723, 1.6106116771697998, 1.601423740386963, 1.7781500816345215, 1.617358922958374]
Matrix being used: half
average modularity 0.5610996353966929
standard deviation 0.002192940408412823
[0.5620103170354019, 0.561800635619816, 0.5617801899847623, 0.5545753237061795, 0.5620054942973615, 0.562022687450638, 0.5610194915189557, 0.5619313119199287, 0.5618770851871147, 0.5619738172467704]
Times:
[1.9520556926727295, 2.2949538230895996, 2.1632769107818604, 1.8575761318206787, 2.155477523803711, 2.0024054050445557, 1.9714384078979492, 1.9137132167816162, 1.9061317443847656, 1.940633773803711]