
Matrix being used: adj
average modularity 0.6931773126187283
standard deviation 0.0026230666682540904
[0.6953278621774843, 0.6899864534186488, 0.6899864534186488, 0.6952905483041024, 0.6953278621774843, 0.695311943697203, 0.6899428158558982, 0.6953278621774843, 0.6953278621774843, 0.6899434627828449]
Times:
[1.6685807704925537, 1.5752015113830566, 1.50801682472229, 1.4963924884796143, 1.5314483642578125, 1.4174504280090332, 1.4827167987823486, 1.9271574020385742, 1.7813515663146973, 1.3536319732666016]
Matrix being used: ricci
average modularity 0.7269183145432678
standard deviation 7.643072767685509e-05
[0.7268767754300598, 0.7269652143349287, 0.7268767754300598, 0.7269652143349287, 0.7268767754300598, 0.7268767754300598, 0.727094896627279, 0.7268087286503145, 0.7269652143349287, 0.7268767754300598]
Times:
[1.1316118240356445, 1.1930665969848633, 1.1161832809448242, 1.1985981464385986, 1.5587007999420166, 1.804894208908081, 1.0730557441711426, 1.1120243072509766, 1.108041763305664, 1.0426182746887207]
Matrix being used: half
average modularity 0.7550806189822982
standard deviation 7.047282758021467e-07
[0.755080384072873, 0.755080384072873, 0.755080384072873, 0.755080384072873, 0.755080384072873, 0.755080384072873, 0.755080384072873, 0.7550827331671257, 0.755080384072873, 0.755080384072873]
Times:
[1.1367106437683105, 1.2689564228057861, 1.5629966259002686, 1.3780951499938965, 1.9291877746582031, 1.271862268447876, 1.2475719451904297, 1.2806642055511475, 1.1999218463897705, 1.150111198425293]