
Matrix being used: adj
average modularity 0.404975682884862
standard deviation 0.011576336857143465
[0.4077628488327878, 0.40731087840415503, 0.40760000535021995, 0.41620021732710394, 0.4081265413631023, 0.4074740961097578, 0.409269112080201, 0.3711082425145069, 0.4077183018562669, 0.4071865850105183]
Times:
[2.100114345550537, 2.135312795639038, 2.135702610015869, 1.9428033828735352, 1.4905297756195068, 2.1643331050872803, 1.7725110054016113, 1.4553959369659424, 1.6592276096343994, 2.369197368621826]
Matrix being used: ricci
average modularity 0.5327899788881928
standard deviation 0.00019745122306808694
[0.5328005830497211, 0.5327683589380705, 0.5328091777541509, 0.5328038889301647, 0.5322371190074202, 0.5329470917333583, 0.5328597979977678, 0.5328597979977678, 0.5328038889301647, 0.5330100845433424]
Times:
[1.3541762828826904, 1.6998305320739746, 1.5227105617523193, 1.3108112812042236, 1.2705132961273193, 1.3856728076934814, 1.3074970245361328, 1.3143236637115479, 1.2974536418914795, 1.522660493850708]
Matrix being used: half
average modularity 0.4481410523729158
standard deviation 0.0005116338982311337
[0.44791736731463655, 0.44879314898487793, 0.4493661557145704, 0.4476589350628382, 0.4479846163634649, 0.44764552187138124, 0.4480037364562051, 0.4482320691526161, 0.4479078650097114, 0.44790110779885556]
Times:
[1.461742639541626, 1.471426010131836, 1.4620320796966553, 1.4464325904846191, 1.4352385997772217, 1.4475679397583008, 1.4356086254119873, 1.5018692016601562, 1.45975923538208, 1.4545683860778809]