
Matrix being used: adj
average modularity 0.5307958985488739
standard deviation 0.00318617273426067
[0.5273475756490762, 0.5349822330199374, 0.5287141432261848, 0.5286983081999285, 0.535156834257027, 0.5334417918184162, 0.528841378096411, 0.5349251830624602, 0.5279582554392305, 0.5278932827200664]
Times:
[2.5526134967803955, 2.4915616512298584, 2.7040462493896484, 2.747755527496338, 3.290372610092163, 2.5208096504211426, 2.598289966583252, 3.159672260284424, 3.3870317935943604, 2.5388405323028564]
Matrix being used: ricci
average modularity 0.6129872261986701
standard deviation 0.0007014631741065324
[0.6123153746017646, 0.6117025011640476, 0.6133087051802503, 0.6134526550850576, 0.613544174263817, 0.6133905960657099, 0.6134111465469697, 0.6133905960657099, 0.613542082713216, 0.6118144303001587]
Times:
[2.18259596824646, 2.0547754764556885, 2.6211187839508057, 2.434866189956665, 2.248990774154663, 2.194382429122925, 2.1581740379333496, 2.1689345836639404, 2.3318002223968506, 2.384765625]
Matrix being used: half
average modularity 0.577942098613849
standard deviation 0.0032347569935415156
[0.5768618087105897, 0.5769486879136171, 0.5876376023120975, 0.5768991658262751, 0.5768713781450538, 0.5769378043400524, 0.5769257362792813, 0.576969389103488, 0.5769036384104776, 0.5764657750975583]
Times:
[2.866187572479248, 2.506024122238159, 2.2095277309417725, 2.507085084915161, 2.4947304725646973, 2.502063751220703, 2.5765371322631836, 2.512477397918701, 2.53141450881958, 2.536494016647339]