
Matrix being used: adj
average modularity 0.28465847051302295
standard deviation 0.012256436764820418
[0.2894192155871164, 0.2917510727368969, 0.2891147118127764, 0.29194968799022414, 0.273886217801643, 0.2945029740938052, 0.28873424899133626, 0.28294092189283665, 0.25201309163511765, 0.2922725625884774]
Times:
[4.574772834777832, 3.6521809101104736, 4.191522121429443, 3.4132425785064697, 4.646198987960815, 4.167039155960083, 4.089986085891724, 3.4729039669036865, 3.6041553020477295, 3.9418222904205322]
Matrix being used: ricci
average modularity 0.37430044821662245
standard deviation 0.0033412389334079077
[0.370255850253175, 0.3689106826794734, 0.3740715223859496, 0.37845406456242403, 0.37691379449845586, 0.37399749871644344, 0.37098700138555674, 0.37719125882215043, 0.37327333314827116, 0.3789494757143243]
Times:
[4.753741025924683, 4.562267065048218, 4.428433418273926, 4.697931528091431, 4.3117516040802, 4.339393377304077, 5.7441487312316895, 4.959261655807495, 4.684858083724976, 4.5929789543151855]
Matrix being used: half
average modularity 0.2626523155820173
standard deviation 0.004143447685385177
[0.2674807157289248, 0.2595901218901275, 0.25710920392284703, 0.2673776538471467, 0.25775461433114494, 0.2682246949680402, 0.26039921928668364, 0.2614245208390709, 0.2669418390045061, 0.2602205720016816]
Times:
[3.7666120529174805, 4.211015701293945, 3.8046069145202637, 4.701719045639038, 2.6167874336242676, 4.72335958480835, 2.7782256603240967, 3.5313172340393066, 5.336146831512451, 2.866936683654785]