
Matrix being used: adj
average modularity 0.6659245861900507
standard deviation 0.00479538869423241
[0.6617519526127693, 0.6725681040289856, 0.6714848698007352, 0.6714848698007352, 0.6714848698007352, 0.6633277707497103, 0.6613749700463102, 0.6622645498349865, 0.6617519526127693, 0.6617519526127693]
Times:
[0.837212085723877, 0.8333609104156494, 0.6551918983459473, 0.69281005859375, 0.7470552921295166, 0.651728630065918, 0.6598241329193115, 0.7284259796142578, 0.6430306434631348, 0.6734838485717773]
Matrix being used: ricci
average modularity 0.7543917871630235
standard deviation 1.1102230246251565e-16
[0.7543917871630234, 0.7543917871630234, 0.7543917871630234, 0.7543917871630234, 0.7543917871630234, 0.7543917871630234, 0.7543917871630234, 0.7543917871630234, 0.7543917871630234, 0.7543917871630234]
Times:
[0.7433066368103027, 0.6527853012084961, 0.6568179130554199, 0.7077538967132568, 0.6638333797454834, 0.6355328559875488, 0.7359347343444824, 0.6297774314880371, 0.6570544242858887, 0.7082247734069824]
Matrix being used: half
average modularity 0.6755031526900479
standard deviation 0.0007009154398994865
[0.6746754504020792, 0.676069235815677, 0.676069235815677, 0.6746603317674792, 0.674869500845845, 0.676069235815677, 0.676069235815677, 0.6744108289910132, 0.676069235815677, 0.676069235815677]
Times:
[0.642479658126831, 0.6504642963409424, 0.7120637893676758, 0.6609723567962646, 0.6659727096557617, 0.762765645980835, 0.6806204319000244, 0.696709394454956, 0.7560305595397949, 0.7101798057556152]