
Matrix being used: adj
average modularity 0.6948639229826584
standard deviation 0.0019606629896505774
[0.6929033261354723, 0.6929033261354723, 0.6929033261354723, 0.6968131320778844, 0.6968700708376852, 0.6929033261354723, 0.6929033261354723, 0.6968131320778844, 0.6968131320778844, 0.6968131320778844]
Times:
[1.420574426651001, 1.5082275867462158, 1.204268217086792, 1.2652244567871094, 1.1846988201141357, 1.0693621635437012, 1.2015740871429443, 1.1812474727630615, 1.408562421798706, 1.2312114238739014]
Matrix being used: ricci
average modularity 0.7250882009661141
standard deviation 0.00038739358206977187
[0.7252774060506572, 0.7240441396079239, 0.7254957670099716, 0.7253299377821496, 0.7252530545488496, 0.7252774060506572, 0.7252122619715353, 0.7251536859381215, 0.7249917509061503, 0.724846599795125]
Times:
[0.9123578071594238, 0.9819025993347168, 0.9088475704193115, 0.9134390354156494, 0.8632078170776367, 0.8827028274536133, 0.8175275325775146, 0.8655128479003906, 0.8813698291778564, 0.8162760734558105]
Matrix being used: half
average modularity 0.7514431810285005
standard deviation 0.0
[0.7514431810285005, 0.7514431810285005, 0.7514431810285005, 0.7514431810285005, 0.7514431810285005, 0.7514431810285005, 0.7514431810285005, 0.7514431810285005, 0.7514431810285005, 0.7514431810285005]
Times:
[0.8893251419067383, 0.9297239780426025, 0.905388593673706, 0.8311309814453125, 0.9082527160644531, 0.8939962387084961, 0.8324623107910156, 0.8833465576171875, 0.896867036819458, 0.9076502323150635]