
Matrix being used: adj
average modularity 0.27768542554901376
standard deviation 0.014158822449632904
[0.2748901483895817, 0.31052070476429966, 0.2852962113756876, 0.26237583058047637, 0.26155600107946536, 0.2798961692110752, 0.2767078632403098, 0.2868053484461635, 0.26103418431724446, 0.27777179408583397]
Times:
[4.170850038528442, 3.9784440994262695, 4.108908176422119, 3.69649338722229, 4.055042743682861, 4.118483304977417, 3.9378581047058105, 3.9418909549713135, 3.3275232315063477, 3.9558186531066895]
Matrix being used: ricci
average modularity 0.3718837805783632
standard deviation 0.0016658821046528086
[0.3721359139008495, 0.3721359139008495, 0.37439288919906594, 0.3725000826967364, 0.3693069897329474, 0.37118145038755856, 0.36930571361589437, 0.3712660318831816, 0.37447690656569943, 0.3721359139008495]
Times:
[3.2657454013824463, 3.307027816772461, 3.0728838443756104, 3.3148224353790283, 3.1405460834503174, 3.29660964012146, 3.028064727783203, 3.280013084411621, 3.1046013832092285, 3.2498772144317627]
Matrix being used: half
average modularity 0.25958382904345956
standard deviation 0.0009228977729971504
[0.26085175530331356, 0.2582654234737295, 0.25990075992894834, 0.2601734926512695, 0.2585300962114377, 0.2585901509726309, 0.2585822824721791, 0.2602010261865534, 0.2603842757517418, 0.2603590274827917]
Times:
[2.498399496078491, 2.4185733795166016, 2.5268704891204834, 2.6080799102783203, 2.5045948028564453, 2.982834815979004, 2.9064817428588867, 2.60605788230896, 2.5735831260681152, 2.508213758468628]