
Matrix being used: adj
average modularity 0.5367531950524417
standard deviation 0.0006363820938745284
[0.5373976142379571, 0.5369650179416939, 0.53636982796249, 0.5354380531568895, 0.5362538453545359, 0.5367185698282566, 0.5372766988410106, 0.5362567464142379, 0.5375540605082523, 0.5373015162790924]
Times:
[2.809542655944824, 3.591627359390259, 2.7507920265197754, 3.9020798206329346, 3.9323956966400146, 2.7496654987335205, 2.579498291015625, 4.093276739120483, 2.872650623321533, 3.153428554534912]
Matrix being used: ricci
average modularity 0.5398299205637165
standard deviation 0.000574999270264552
[0.540119748085758, 0.5387098157064011, 0.5400160900606127, 0.5393843453241287, 0.540791918310129, 0.5396218512041941, 0.5394397732400089, 0.5403711317054669, 0.5403118157611804, 0.5395327162392852]
Times:
[3.7099645137786865, 2.938547372817993, 2.393754243850708, 3.297600269317627, 3.0275590419769287, 4.186616659164429, 4.656157493591309, 4.738939523696899, 3.063589334487915, 3.642367362976074]
Matrix being used: half
average modularity 0.577574218348582
standard deviation 0.0033442003161014825
[0.5808044895608855, 0.5766629801269183, 0.5806461056056588, 0.5773461019792446, 0.5710195859281518, 0.5804646621592261, 0.5796740470083231, 0.5786894688468514, 0.5718259976152281, 0.5786087446553331]
Times:
[3.089935541152954, 5.6200854778289795, 3.002559185028076, 5.504117250442505, 3.141084671020508, 2.9674201011657715, 3.0713675022125244, 5.041313886642456, 3.186405897140503, 3.163881778717041]