
Matrix being used: adj
average modularity 0.27471282348864634
standard deviation 0.015333267299996301
[0.27052883986398635, 0.26421148655355947, 0.26436620952995354, 0.2653977248266243, 0.2843206071229627, 0.279814493723484, 0.2740715026492052, 0.2646615200664625, 0.26389960336816726, 0.315856247182058]
Times:
[2.709397315979004, 2.6585068702697754, 2.5480551719665527, 2.6204686164855957, 2.96244215965271, 3.017080068588257, 2.955641508102417, 2.6787290573120117, 2.55100417137146, 2.94891619682312]
Matrix being used: ricci
average modularity 0.3748610610241581
standard deviation 0.0021758564853903324
[0.37600325545363833, 0.3713271282072062, 0.3736301338556475, 0.37781994494831034, 0.37351720060459453, 0.377720441896797, 0.3777802369055629, 0.3735353182253939, 0.37375974953983615, 0.37351720060459453]
Times:
[2.400683879852295, 2.3754019737243652, 2.3866536617279053, 2.3347232341766357, 2.3923025131225586, 2.303610324859619, 2.2739956378936768, 2.4948112964630127, 2.601979970932007, 2.452003002166748]
Matrix being used: half
average modularity 0.271825377243179
standard deviation 0.002047909054614956
[0.27044092165972555, 0.27548316129403166, 0.2682348663846701, 0.27225510620855375, 0.27235927692238154, 0.27139963922954286, 0.26994464133624163, 0.271595038326, 0.2716375964301026, 0.2749035246405402]
Times:
[2.1313319206237793, 2.029757022857666, 3.7218923568725586, 2.2606523036956787, 1.8859834671020508, 1.8816955089569092, 1.8809800148010254, 1.9239461421966553, 1.87711763381958, 1.8908894062042236]