
Matrix being used: adj
average modularity 0.5263385952132508
standard deviation 0.0008036973833434367
[0.5252809011416724, 0.5262501777093751, 0.5276464218958583, 0.5260629522248915, 0.5273137244351174, 0.5272511639273149, 0.5252435417384725, 0.5266022281603988, 0.5257092175248966, 0.5260256233745101]
Times:
[2.606257677078247, 2.3540146350860596, 2.226935863494873, 2.0828843116760254, 2.305178165435791, 2.0456013679504395, 2.040541887283325, 1.9368062019348145, 2.0136606693267822, 2.1027672290802]
Matrix being used: ricci
average modularity 0.5320559826784497
standard deviation 0.0006155006729303005
[0.5315518194800933, 0.531666305927794, 0.5318536296982422, 0.5324045574580761, 0.5314519335682145, 0.5313761558846334, 0.5319139573981181, 0.5335052291057346, 0.5323469876636987, 0.5324892505998908]
Times:
[2.135664224624634, 2.2563223838806152, 2.1935455799102783, 1.9453580379486084, 2.1870343685150146, 2.172302722930908, 2.13971209526062, 2.1649348735809326, 3.0187697410583496, 2.3375704288482666]
Matrix being used: half
average modularity 0.5477336871038307
standard deviation 0.0020730787826158223
[0.5442391152095493, 0.5495769031515912, 0.5493736564583651, 0.548842387548374, 0.5485624443336594, 0.5491933183479548, 0.5495958928218072, 0.5450554483445152, 0.5446201060059953, 0.5482775988164957]
Times:
[2.5149881839752197, 2.3576595783233643, 2.6992480754852295, 3.1562907695770264, 2.488924980163574, 2.3759472370147705, 2.3953890800476074, 4.304832220077515, 3.0612661838531494, 2.707698345184326]