
Matrix being used: adj
average modularity 0.4155427911432371
standard deviation 0.001545513704880511
[0.41566952612290575, 0.41621803969914367, 0.4170364572539171, 0.41645019173631476, 0.41555715907852103, 0.4169719863725805, 0.41596020825073343, 0.416383862713356, 0.41259831166207983, 0.412582168542819]
Times:
[2.879347324371338, 3.012673854827881, 2.200434446334839, 2.3517045974731445, 2.7974486351013184, 2.4594202041625977, 2.750598192214966, 2.525358200073242, 2.2287697792053223, 2.618192672729492]
Matrix being used: ricci
average modularity 0.5329354168334802
standard deviation 0.0003062208241350698
[0.532718422090035, 0.5329222139414818, 0.5327725294783779, 0.5337078056675858, 0.5325931067093694, 0.5329169229247825, 0.5327725294783779, 0.533213737705686, 0.5327327077985777, 0.5330041925405289]
Times:
[1.6900367736816406, 1.6923809051513672, 1.833263874053955, 1.8875226974487305, 1.6477506160736084, 1.8054862022399902, 1.9288623332977295, 1.7589225769042969, 1.635880947113037, 1.9598143100738525]
Matrix being used: half
average modularity 0.46564937318920724
standard deviation 0.000502380905400332
[0.4662220010180766, 0.4660522875826547, 0.4657090702417732, 0.4645101245055385, 0.4650958964799682, 0.4659198118973762, 0.466024408880181, 0.46564049935240037, 0.46533443187041224, 0.46598520006369093]
Times:
[1.8576698303222656, 1.7770898342132568, 1.9755618572235107, 2.0026698112487793, 1.959406852722168, 1.8944220542907715, 1.8961882591247559, 1.8930315971374512, 1.8655140399932861, 1.8769044876098633]