
Matrix being used: adj
average modularity 0.6729545492498399
standard deviation 0.0038767383188223867
[0.665400156329031, 0.6754606881202407, 0.6747558476428775, 0.6745778487927396, 0.6754204853048817, 0.6650701657006379, 0.6747784685433266, 0.6742025643459492, 0.6747784685433266, 0.6751007991753878]
Times:
[0.5718588829040527, 0.714665412902832, 0.4939718246459961, 0.4714953899383545, 0.6278064250946045, 0.5054950714111328, 0.4774782657623291, 0.5331578254699707, 0.4616875648498535, 0.46729516983032227]
Matrix being used: ricci
average modularity 0.7535910500757232
standard deviation 0.00020736364009012024
[0.7536694016863951, 0.7536694016863951, 0.7535813192795069, 0.7536694016863951, 0.7536694016863951, 0.7536694016863951, 0.7536694016863951, 0.7536694016863951, 0.7529739679865647, 0.7536694016863951]
Times:
[0.5636343955993652, 0.48512840270996094, 0.484403133392334, 0.572657585144043, 0.3964083194732666, 0.4840095043182373, 0.564734697341919, 0.48020243644714355, 0.5030603408813477, 0.6196987628936768]
Matrix being used: half
average modularity 0.6801303707212704
standard deviation 0.0009330035769200336
[0.6795583431700103, 0.6795583431700103, 0.6795583431700103, 0.6795583431700103, 0.6820759666653606, 0.681813167544769, 0.6802616717839134, 0.6798028421985985, 0.6795583431700103, 0.6795583431700103]
Times:
[0.5388190746307373, 0.5622305870056152, 0.6130456924438477, 0.5395615100860596, 0.5798249244689941, 0.6525008678436279, 0.6010336875915527, 0.5507686138153076, 0.6082751750946045, 0.5440492630004883]