
Matrix being used: adj
average modularity 0.44651641474101444
standard deviation 0.011594938177626862
[0.45136393365479954, 0.45097492439311937, 0.45136393365479954, 0.4565992636227831, 0.4391017610063023, 0.45136393365479954, 0.45136393365479954, 0.4475458604028782, 0.41412266971106365, 0.45136393365479954]
Times:
[1.2535977363586426, 1.1529309749603271, 1.2213821411132812, 1.193634033203125, 1.2063050270080566, 1.135650873184204, 1.1887969970703125, 1.186171293258667, 1.1930716037750244, 1.1366550922393799]
Matrix being used: ricci
average modularity 0.41635027521797036
standard deviation 0.0
[0.41635027521797036, 0.41635027521797036, 0.41635027521797036, 0.41635027521797036, 0.41635027521797036, 0.41635027521797036, 0.41635027521797036, 0.41635027521797036, 0.41635027521797036, 0.41635027521797036]
Times:
[0.9276230335235596, 0.9770262241363525, 0.8883888721466064, 0.9482557773590088, 0.9365816116333008, 0.9385068416595459, 0.8861620426177979, 0.9378871917724609, 0.9424090385437012, 0.8813514709472656]
Matrix being used: half
average modularity 0.5470201298357286
standard deviation 0.0
[0.5470201298357286, 0.5470201298357286, 0.5470201298357286, 0.5470201298357286, 0.5470201298357286, 0.5470201298357286, 0.5470201298357286, 0.5470201298357286, 0.5470201298357286, 0.5470201298357286]
Times:
[0.9593715667724609, 1.04754638671875, 0.9660086631774902, 0.9024093151092529, 0.9551453590393066, 0.9759969711303711, 0.9120528697967529, 0.9629957675933838, 0.9685535430908203, 0.9643726348876953]