
Matrix being used: adj
average modularity 0.1975684525105458
standard deviation 0.00933229598416909
[0.18870204282070005, 0.1846411966990938, 0.19927420549549477, 0.18575033878665456, 0.19870124714351256, 0.2133263821112068, 0.1947135731696732, 0.19872453106248247, 0.21240045084798106, 0.19945055696865863]
Times:
[3.4397506713867188, 3.2346129417419434, 2.746760368347168, 2.801757574081421, 2.8546886444091797, 2.754845142364502, 2.832681179046631, 2.7658536434173584, 3.254182815551758, 3.213685989379883]
Matrix being used: ricci
average modularity 0.22070038535111794
standard deviation 0.005185990283735762
[0.21193082445369812, 0.22102507252178988, 0.2246828397109358, 0.22582325876587697, 0.2199635038692798, 0.21023077900661413, 0.22147505375119148, 0.22489085522699886, 0.22176723804513201, 0.22521442815966253]
Times:
[2.5799150466918945, 2.663093328475952, 2.457852840423584, 2.9405786991119385, 2.8124425411224365, 2.973102331161499, 2.542482376098633, 2.4546940326690674, 2.5955421924591064, 2.7021420001983643]
Matrix being used: half
average modularity 0.20967506524086268
standard deviation 0.01359777481747946
[0.2319855104607946, 0.20600248792295744, 0.21899172563660252, 0.20841506258449674, 0.18597478097961725, 0.19270777857966725, 0.20778237116471204, 0.22933261385255926, 0.20664326130640664, 0.20891505992081327]
Times:
[2.751483917236328, 2.2003469467163086, 2.1955349445343018, 2.1302731037139893, 2.6785478591918945, 2.6632564067840576, 1.9874203205108643, 2.130453586578369, 2.159079074859619, 2.0151615142822266]