
Matrix being used: adj
average modularity 0.47389190157467515
standard deviation 0.009569306679971414
[0.4912693442510213, 0.45907535457711923, 0.4820097879886183, 0.4825154719173226, 0.4759587919246449, 0.4759587919246449, 0.4718769166351172, 0.45907535457711923, 0.4705896009755716, 0.4705896009755716]
Times:
[0.5470402240753174, 0.476290225982666, 0.5392463207244873, 0.613865852355957, 0.7142429351806641, 0.4707527160644531, 0.4673902988433838, 0.5497496128082275, 0.4695713520050049, 0.4466090202331543]
Matrix being used: ricci
average modularity 0.4963447487515162
standard deviation 0.0
[0.4963447487515162, 0.4963447487515162, 0.4963447487515162, 0.4963447487515162, 0.4963447487515162, 0.4963447487515162, 0.4963447487515162, 0.4963447487515162, 0.4963447487515162, 0.4963447487515162]
Times:
[0.5552811622619629, 0.4867429733276367, 0.49927210807800293, 0.5756652355194092, 0.48829102516174316, 0.4928717613220215, 0.5551109313964844, 0.4881000518798828, 0.4778110980987549, 0.5601327419281006]
Matrix being used: half
average modularity 0.49697487078886626
standard deviation 0.011414000644223099
[0.49309015977775755, 0.49309015977775755, 0.5072219871702427, 0.49309015977775755, 0.49309015977775755, 0.5220751731132324, 0.5072219871702427, 0.47915402725322326, 0.48862473429293324, 0.49309015977775755]
Times:
[0.4828519821166992, 0.4846212863922119, 0.5768992900848389, 0.47121524810791016, 0.4694046974182129, 0.5684630870819092, 0.4961884021759033, 0.5186378955841064, 0.6064698696136475, 0.567394495010376]